#Layer_Color=16711935
#
#Feature symbol names
#
$0 r3.937
$1 r7.874

#
#Feature attribute names
#

#
#Layer features
#
A 2.3900591 2.45 2.3900591 2.45 2.275 2.45 0 P 0 N
L 1.609252 2.593188 1.609252 2.65618 1 P 0
L 1.609252 2.593188 1.640748 2.593188 1 P 0
L 1.609252 2.65618 1.640748 2.65618 1 P 0
L 1.640748 2.593188 1.640748 2.65618 1 P 0
L 1.77933 2.864174 1.77933 2.885826 0 P 0
L 1.77933 2.864174 1.82067 2.864174 0 P 0
L 1.77933 2.885826 1.82067 2.885826 0 P 0
L 1.82067 2.864174 1.82067 2.885826 0 P 0
L 2.08307 2.864566 2.08307 2.935434 0 P 0
L 2.08307 2.864566 2.21693 2.864566 0 P 0
L 2.08307 2.935434 2.21693 2.935434 0 P 0
L 2.21693 2.864566 2.21693 2.935434 0 P 0
L 2.55807 2.789568 2.55807 2.860434 0 P 0
L 2.55807 2.789568 2.69193 2.789568 0 P 0
L 2.55807 2.860434 2.69193 2.860434 0 P 0
L 2.69193 2.789568 2.69193 2.860434 0 P 0
L 3.0437 2.380512 3.0437 2.50256 0 P 0
L 3.0437 2.380512 3.114566 2.380512 0 P 0
L 3.0437 2.50256 3.114566 2.50256 0 P 0
L 3.114566 2.380512 3.114566 2.50256 0 P 0
L 3.181692 2.796456 3.181692 2.853544 0 P 0
L 3.181692 2.796456 3.268308 2.796456 0 P 0
L 3.181692 2.853544 3.268308 2.853544 0 P 0
L 3.268308 2.796456 3.268308 2.853544 0 P 0
L 3.45807 2.609056 3.45807 2.900394 0 P 0
L 3.45807 2.609056 3.655316 2.609056 0 P 0
L 3.45807 2.900394 3.655316 2.900394 0 P 0
L 3.655316 2.609056 3.674016 2.597244 0 P 0
L 3.655316 2.618898 3.655316 2.627166 0 P 0
L 3.655316 2.618898 3.678938 2.604134 0 P 0
L 3.655316 2.627166 3.678938 2.627166 0 P 0
L 3.655316 2.882284 3.655316 2.890552 0 P 0
L 3.655316 2.882284 3.678938 2.882284 0 P 0
L 3.655316 2.890552 3.678938 2.905316 0 P 0
L 3.655316 2.900394 3.674016 2.912204 0 P 0
L 3.674016 2.597244 3.678938 2.604134 0 P 0
L 3.674016 2.912204 3.678938 2.905316 0 P 0
L 3.678938 2.627166 3.678938 2.882284 0 P 0
