#Layer_Color=32768
#
#Feature symbol names
#
$0 r1.9685
$1 r3.937
$2 r7.874

#
#Feature attribute names
#

#
#Layer features
#
A 2.3939961 2.45 2.3939961 2.45 2.275 2.45 0 P 0 N
L 1.603346 2.581138 1.603346 2.66823 2 P 0
L 1.603346 2.581138 1.646654 2.581138 2 P 0
L 1.603346 2.66823 1.646654 2.66823 2 P 0
L 1.646654 2.581138 1.646654 2.66823 2 P 0
L 1.770472 2.859252 1.770472 2.890748 0 P 0
L 1.770472 2.859252 1.829528 2.859252 0 P 0
L 1.770472 2.890748 1.829528 2.890748 0 P 0
L 1.789174 2.875 1.810826 2.875 1 P 0
L 1.8 2.864174 1.8 2.885826 1 P 0
L 1.829528 2.859252 1.829528 2.890748 0 P 0
L 2.073228 2.86063 2.073228 2.93937 0 P 0
L 2.073228 2.86063 2.226772 2.86063 0 P 0
L 2.073228 2.93937 2.226772 2.93937 0 P 0
L 2.130316 2.9 2.169686 2.9 1 P 0
L 2.15 2.880314 2.15 2.919686 1 P 0
L 2.226772 2.86063 2.226772 2.93937 0 P 0
L 2.548228 2.78563 2.548228 2.86437 0 P 0
L 2.548228 2.78563 2.701772 2.78563 0 P 0
L 2.548228 2.86437 2.701772 2.86437 0 P 0
L 2.605316 2.825 2.644686 2.825 1 P 0
L 2.625 2.805316 2.625 2.844686 1 P 0
L 2.701772 2.78563 2.701772 2.86437 0 P 0
L 2.996456 2.37067 2.996456 2.512402 0 P 0
L 2.996456 2.37067 3.161812 2.37067 0 P 0
L 2.996456 2.512402 3.161812 2.512402 0 P 0
L 3.059448 2.441536 3.098818 2.441536 1 P 0
L 3.079134 2.42185 3.079134 2.46122 1 P 0
L 3.15807 2.78563 3.15807 2.86437 0 P 0
L 3.15807 2.78563 3.29193 2.78563 0 P 0
L 3.15807 2.86437 3.29193 2.86437 0 P 0
L 3.161812 2.37067 3.161812 2.512402 0 P 0
L 3.205314 2.825 3.244686 2.825 1 P 0
L 3.225 2.805316 3.225 2.844686 1 P 0
L 3.29193 2.78563 3.29193 2.86437 0 P 0
L 3.555316 2.754724 3.594686 2.754724 0 P 0
L 3.575 2.73504 3.575 2.77441 0 P 0
